03-01-08-02-02-01-01.wav 0.0 0.0 8
03-01-08-01-01-01-01.wav 0.0 0.0 8
03-01-05-01-02-01-01.wav 0.0 0.0 5
03-02-03-02-02-02-01.wav 0.0 0.0 3
03-01-06-01-02-02-01.wav 0.0 0.0 6
03-01-06-02-01-02-01.wav 0.0 0.0 6
03-02-03-01-01-02-01.wav 0.0 0.0 3
03-01-05-02-01-01-01.wav 0.0 0.0 5
03-01-07-01-01-01-01.wav 0.0 0.0 7
03-02-02-02-01-01-01.wav 0.0 0.0 2
03-01-04-01-01-02-01.wav 0.0 0.0 4
03-01-04-02-02-02-01.wav 0.0 0.0 4
03-02-02-01-02-01-01.wav 0.0 0.0 2
03-02-01-01-02-02-01.wav 0.0 0.0 1
03-01-07-02-02-01-01.wav 0.0 0.0 7
03-02-06-01-02-02-01.wav 0.0 0.0 6
03-02-05-01-02-01-01.wav 0.0 0.0 5
03-01-03-02-02-02-01.wav 0.0 0.0 3
03-01-03-01-01-02-01.wav 0.0 0.0 3
03-02-05-02-01-01-01.wav 0.0 0.0 5
03-02-06-02-01-02-01.wav 0.0 0.0 6
03-01-02-02-01-01-01.wav 0.0 0.0 2
03-02-04-01-01-02-01.wav 0.0 0.0 4
03-01-01-01-02-02-01.wav 0.0 0.0 1
03-02-04-02-02-02-01.wav 0.0 0.0 4
03-01-02-01-02-01-01.wav 0.0 0.0 2
03-01-03-02-01-01-01.wav 0.0 0.0 3
03-02-05-01-01-02-01.wav 0.0 0.0 5
03-02-06-01-01-01-01.wav 0.0 0.0 6
03-02-06-02-02-01-01.wav 0.0 0.0 6
03-02-05-02-02-02-01.wav 0.0 0.0 5
03-01-03-01-02-01-01.wav 0.0 0.0 3
03-02-04-01-02-01-01.wav 0.0 0.0 4
03-01-02-02-02-02-01.wav 0.0 0.0 2
03-01-02-01-01-02-01.wav 0.0 0.0 2
03-02-04-02-01-01-01.wav 0.0 0.0 4
03-01-01-01-01-01-01.wav 0.0 0.0 1
03-01-08-02-01-02-01.wav 0.0 0.0 8
03-01-08-01-02-02-01.wav 0.0 0.0 8
03-01-06-01-01-01-01.wav 0.0 0.0 6
03-02-03-02-01-01-01.wav 0.0 0.0 3
03-01-05-01-01-02-01.wav 0.0 0.0 5
03-01-05-02-02-02-01.wav 0.0 0.0 5
03-02-03-01-02-01-01.wav 0.0 0.0 3
03-01-06-02-02-01-01.wav 0.0 0.0 6
03-01-04-01-02-01-01.wav 0.0 0.0 4
03-02-02-02-02-02-01.wav 0.0 0.0 2
03-01-07-01-02-02-01.wav 0.0 0.0 7
03-01-07-02-01-02-01.wav 0.0 0.0 7
03-02-01-01-01-01-01.wav 0.0 0.0 1
03-02-02-01-01-02-01.wav 0.0 0.0 2
03-01-04-02-01-01-01.wav 0.0 0.0 4
03-02-04-02-02-01-01.wav 0.0 0.0 4
03-01-02-01-02-02-01.wav 0.0 0.0 2
03-01-01-01-02-01-01.wav 0.0 0.0 1
03-01-02-02-01-02-01.wav 0.0 0.0 2
03-02-04-01-01-01-01.wav 0.0 0.0 4
03-02-06-02-01-01-01.wav 0.0 0.0 6
03-01-03-01-01-01-01.wav 0.0 0.0 3
03-02-05-02-01-02-01.wav 0.0 0.0 5
03-02-05-01-02-02-01.wav 0.0 0.0 5
03-01-03-02-02-01-01.wav 0.0 0.0 3
03-02-06-01-02-01-01.wav 0.0 0.0 6
03-01-08-01-01-02-01.wav 0.0 0.0 8
03-01-08-02-02-02-01.wav 0.0 0.0 8
03-02-01-01-02-01-01.wav 0.0 0.0 1
03-01-07-02-02-02-01.wav 0.0 0.0 7
03-01-04-02-02-01-01.wav 0.0 0.0 4
03-02-02-01-02-02-01.wav 0.0 0.0 2
03-02-02-02-01-02-01.wav 0.0 0.0 2
03-01-04-01-01-01-01.wav 0.0 0.0 4
03-01-07-01-01-02-01.wav 0.0 0.0 7
03-02-03-01-01-01-01.wav 0.0 0.0 3
03-01-05-02-01-02-01.wav 0.0 0.0 5
03-01-06-02-01-01-01.wav 0.0 0.0 6
03-01-06-01-02-01-01.wav 0.0 0.0 6
03-01-05-01-02-02-01.wav 0.0 0.0 5
03-02-03-02-02-01-01.wav 0.0 0.0 3
03-01-08-01-02-01-01.wav 0.0 0.0 8
03-01-08-02-01-01-01.wav 0.0 0.0 8
03-02-02-01-01-01-01.wav 0.0 0.0 2
03-01-04-02-01-02-01.wav 0.0 0.0 4
03-01-07-02-01-01-01.wav 0.0 0.0 7
03-02-01-01-01-02-01.wav 0.0 0.0 1
03-01-07-01-02-01-01.wav 0.0 0.0 7
03-01-04-01-02-02-01.wav 0.0 0.0 4
03-02-02-02-02-01-01.wav 0.0 0.0 2
03-01-06-02-02-02-01.wav 0.0 0.0 6
03-01-05-02-02-01-01.wav 0.0 0.0 5
03-02-03-01-02-02-01.wav 0.0 0.0 3
03-02-03-02-01-02-01.wav 0.0 0.0 3
03-01-05-01-01-01-01.wav 0.0 0.0 5
03-01-06-01-01-02-01.wav 0.0 0.0 6
03-01-01-01-01-02-01.wav 0.0 0.0 1
03-01-02-01-01-01-01.wav 0.0 0.0 2
03-02-04-02-01-02-01.wav 0.0 0.0 4
03-02-04-01-02-02-01.wav 0.0 0.0 4
03-01-02-02-02-01-01.wav 0.0 0.0 2
03-02-05-02-02-01-01.wav 0.0 0.0 5
03-01-03-01-02-02-01.wav 0.0 0.0 3
03-02-06-02-02-02-01.wav 0.0 0.0 6
03-02-06-01-01-02-01.wav 0.0 0.0 6
03-01-03-02-01-02-01.wav 0.0 0.0 3
03-02-05-01-01-01-01.wav 0.0 0.0 5
